1 7.5 0 7
2 6.8 0 6
3 6.5 0.5 7

4 7.5 2.5 7
5 6.8 2.5 6
6 6.3 3 7

7 9.1 5.25 6
8 8.3 5.25 5
9 8 5.25 6


10 10 0.5 0
11 10.5 0 1.2
12 9.5 0 1.2

13 10 3 -0.6
14 10.5 2.5 0.4
15 9.5 2.5 0.4

16 10 5.25 0
17 10.5 5.25 1.2
18 9.5 5.25 1.2


19 13.5 0.5 7
20 12.5 0 7
21 13 0 6

22 14.2 3 7
23 13 2.5 7
24 13.7 2.5 6

25 12 5.25 6
26 10.9 5.25 6
27 11.65 5.25 5


28 12 6 6.
29 10 6 0.
30 8 6 6.

31 10 5.5 2
32 9 5.5 4
33 11 5.5 4

34 10 10 2.
35 11 10 4.
36 9 10 4.

37 10 10 1.5
38 8.5 10 4.25
39 11.5 10 4.25
40 10 14 1.5
41 11.5 14 4.25
42 8.5 14 4.25

50 20 14 -8.
51 20 16 -8.
52 0 16 -8.
53 0 14 -8.
54 20 16 12.
55 20 14 12.
56 0 16 12.
57 0 14 12.

58 20 -16 -8. 
59 20 -4 -8.
60 0 -4 -8.
61 0 -16 -8.
62 20 -16 12.
63 20 -4 12.
64 0 -4 12.
65 0 -16 12.


66 3 -6 -11.
67 17 -6 -11.
68 17 -8 -11.
69 3 -8 -11.

70 2 -5 -10.
71 2 -9 -10.
72 0 -9 -10.
73 0 -5 -10

74 18 -5 -10.
75 18 -9 -10.
76 20 -9 -10.
77 20 -5 -10.

78 18 -5 -8.
79 17 -6 -8.
80 3 -6 -8.
81 2 -5 -8.
82 0 -5 -8.
83 0 -9 -8.
84 2 -9 -8.
85 3 -8 -8.
86 17 -8 -8.
87 18 -9 -8.
88 20 -9 -8.
89 20 -5 -8.

90 1 -4 -8.
91 19 -4 -8.
92 19 14 -8.
93 1 14 -8.
94 0 -4 -7.
95 1 -4 -7.
96 19 -4 -7.
97 20 -4 -7.
98 20 14 -7.
99 19 14 -7.
100 1 14 -7.
101 0 14 -7.

102 2 -4 -6.
103 6 -4 -6.
104 2 0 -6.
105 6 0 -6.

106 2 -4 -2.
107 6 -4 -2.
108 2 0 -2.
109 6 0 -2.

110 12 -4 0.
111 16 -4 0.
112 14 -4 4.
113 14 0 2.

114 14 -12 -6.
115 18 -12 -6.
116 14 -4 -6.
117 18 -4 -6.

118 14 -12 -2.
119 18 -12 -2.
120 14 -4 -2.
121 18 -4 -2.

122 14 -13 -10.
123 18 -13 -10.
124 14 -9 -10.
125 18 -9 -10.

126 14 -13 -2.
127 18 -13 -2.
128 14 -9 -2.
129 18 -9 -2.



183 7.5 2.5 7
184 6.8 2.5 6
185 6.3 3 7
186 9.1 5.25 6
187 8.3 5.25 5
188 8 5.25 6

189 10 3 -0.6
190 10.5 2.5 0.4
191 9.5 2.5 0.4
192 10 5.25 0
193 10.5 5.25 1.2
194 9.5 5.25 1.2

195 14.2 3 7
196 13 2.5 7
197 13.7 2.5 6
198 12 5.25 6
199 10.9 5.25 6
200 11.65 5.25 5



Faces:

50 51 52 53 50. 53 52 51 50.
50 51 54 55 50. 55 54 51 50.
54 55 57 56 54. 56 57 55 54.
52 53 57 56 52. 56 57 53 52.
51 52 56 54 51. 54 56 52 51.
50 53 57 55 50. 55 57 53 50.

58 59 60 61 58. 61 60 59 58.
62 63 64 65 62. 65 64 63 62.
58 59 63 62 58. 62 63 59 58.
60 61 65 64 60. 64 65 61 60.
58 62 65 61 58. 61 65 62 58.
59 63 64 60 59. 60 64 63 59.

55 57 64 63 55. 63 64 57 55.

60 53 93 90 60. 90 93 53 60.
90 93 100 95 90. 95 100 93 90.
101 100 95 94 101. 94 95 100 101.
53 101 94 60 53. 60 94 101 53.

59 50 92 91 59. 91 92 50 59.
59 97 98 50 59. 50 98 97 59.
97 96 99 98 97. 98 99 96 97.
96 91 92 99 96. 99 92 91 96.


94 57.
95 57.
100 64.
101 64.

99 63.
98 63.
96 55.
97 55.


66 67 68 69 66. 69 68 67 66.
85 86 79 80 85. 80 79 86 85.
70 81 82 73 70. 73 82 81 70.
70 81 80 66 70. 66 80 81 70.
66 67 79 80 66. 80 79 67 66.
67 74 78 79 67. 79 78 74 67.
74 77 89 78 74. 78 89 77 74.
72 71 84 83 72. 83 84 71 72.
71 69 85 84 71. 84 85 69 71.
69 68 86 85 69. 85 86 68 69.
68 75 87 86 68. 86 87 75 68.
75 76 88 87 75. 87 88 76 75.
77 89 88 76 77. 76 88 89 77.
73 82 83 72 73. 72 83 82 73.
73 70 66 69 71 72 73. 72 71 69 66 70 73.
77 74 67 68 75 76 77. 76 75 68 67 74 77.
66 69.
67 68.

102 104 108 106 102. 106 108 104 102.
102 104 105 103 102. 103 105 104 102.
105 109 107 103 105. 103 107 109 105.
109 108 106 107 109. 107 106 108 109.
104 105 109 108 104. 108 109 105 104.
102 103 107 106 102. 106 107 103 102.

110 111 113 110. 113 111 110.
111 112 113 111. 113 112 111.
112 113 110 112. 110 113 112.
110 112 111 110. 111 112 110.

114 115 117 116 114. 116 117 115 114.
114 115 119 118 114. 118 119 115 114.
114 118 120 116 114. 116 120 118 114.
115 119 121 117 115. 117 121 119 115.
121 120 118 119 121. 119 118 120 121.

122 123 127 126 122. 126 127 123 122.
122 124 128 126 122. 126 128 124 122.
124 125 129 128 124. 128 129 125 124.
125 129 127 123 125. 123 127 129 125.
126 128 129 127 126. 127 129 128 126.


34 35 36 34. 36 35 34.
31 32 33 31. 33 32 31.
31 32 36 34 31. 34 36 32 31.
32 33 35 36 32. 36 35 33 32.
33 31 34 35 33. 35 34 31 33.

37 38 39 37. 39 38 37.
40 41 42 40. 42 41 40.
37 38 42 40 37. 40 42 38 37.
38 39 41 42 38. 42 41 39 38.
39 37 40 41 39. 41 40 37 39.

9 16 29 30 9. 30 29 16 9.
9 30 28 25 9. 25 28 30 9.
25 28 29 16 25. 16 29 28 25.
28 29 30 28. 30 29 28.
25 16 9 25. 9 16 25.


7 9 6 4 7. 4 6 9 7.
8 7 4 5 8. 5 4 7 8.
8 9 6 5 8. 5 6 9 8.
7 8 9 7. 9 8 7.
4 5 6 4. 6 5 4.

1 3 6 4 1. 4 6 3 1.
3 2 5 6 3. 6 5 2 3.
2 1 4 5 2. 5 4 1 2.
1 2 3 1. 3 2 1.
4 5 6 4. 6 5 4.


16 17 14 13 16. 13 14 17 16. 
18 16 13 15 18. 15 13 16 18.
17 18 15 14 17. 14 15 18 17.
16 17 18 16. 18 17 16.
13 14 15 13. 15 14 13.

13 14 11 10 13. 10 11 14 13.
15 13 10 12 15. 12 10 13 15.
15 14 11 12 15. 12 11 14 15.
10 11 12 10. 12 11 10.

25 26 23 22 25. 22 23 26 25.
26 27 24 23 26. 23 24 27 26.
27 25 22 24 27. 24 22 25 27.
25 26 27 25. 27 26 25.
22 23 24 22. 24 23 22.

22 23 20 19 22. 19 20 23 22.
23 24 21 20 23. 20 21 24 23.
24 22 19 21 24. 21 19 22 24.
19 20 21 19. 21 20 19.